src_lat,src_lng,dst_lat,dst_lng,count,timestamp
40.4763,-86.9571,42.9885,-71.4652,12,18221810684.92504
42.9885,-71.4652,40.4763,-86.9571,10,15184842238.586464
40.4763,-86.9571,40.4763,-86.9571,3281,66813346417.74736
40.4763,-86.9571,41.14,-104.8203,24,36443654794.06022
41.14,-104.8203,40.4763,-86.9571,16,24295769863.144703
40.4763,-86.9571,37.5112,126.97409999999999,859,9110905857.157887
40.4763,-86.9571,37.751,-97.822,389,232328260096.18997
40.4763,-86.9571,37.419200000000004,-122.0574,217081,1606558665594.2927
37.751,-97.822,40.4763,-86.9571,348,195884604371.78964
37.419200000000004,-122.0574,40.4763,-86.9571,414470,3401405652149.1655
40.4763,-86.9571,40.1125,-88.2426,123508,141364931831812.3
40.1125,-88.2426,40.4763,-86.9571,235855,270012547517087.06
40.4763,-86.9571,41.8483,-87.6517,21,30369688580.13108
41.8483,-87.6517,40.4763,-86.9571,19,27332719497.280544
40.4763,-86.9571,37.7697,-122.3933,199,12147874086.47268
37.7697,-122.3933,40.4763,-86.9571,196,9110905531.55159
40.4763,-86.9571,39.0481,-77.4728,384,6073937050.085597
39.0481,-77.4728,40.4763,-86.9571,291,4555452772.625538
40.4763,-86.9571,34.0544,-118.244,85,129071316207.93373
34.0544,-118.244,40.4763,-86.9571,84,127552829146.43747
37.5112,126.97409999999999,40.4763,-86.9571,819,741021507876.4777
40.4763,-86.9571,37.459,-122.1781,203,245994724761.36197
37.459,-122.1781,40.4763,-86.9571,157,192847717730.92645
40.4763,-86.9571,37.3042,-122.0946,289,33406657697.03608
37.3042,-122.0946,40.4763,-86.9571,265,31888173239.72077
40.4763,-86.9571,42.0534,-88.054,25,18221814522.006374
40.4763,-86.9571,42.3626,-71.0843,141,36443657184.17653
42.0534,-88.054,40.4763,-86.9571,21,15184845431.55505
42.3626,-71.0843,40.4763,-86.9571,112,28851228839.224255
40.4763,-86.9571,1.2854999999999999,103.8565,29,21258787034.103863
40.4763,-86.9571,38.7163,-78.1704,111,21258787120.149467
40.4763,-86.9571,47.6801,-122.1206,63,45554564321.89343
40.4763,-86.9571,52.35,4.9167,14,21258787029.85835
47.6801,-122.1206,40.4763,-86.9571,63,45554564322.133705
38.7163,-78.1704,40.4763,-86.9571,142,15184847938.684597
52.35,4.9167,40.4763,-86.9571,10,15184847879.007984
1.2854999999999999,103.8565,40.4763,-86.9571,19,13666363094.017242
40.4763,-86.9571,39.9469,-105.2142,101,153367114677.98877
39.9469,-105.2142,40.4763,-86.9571,65,98701611239.54419
40.4763,-86.9571,37.6228,-122.4364,31,47073060625.9242
37.6228,-122.4364,40.4763,-86.9571,24,36443660383.89912
40.4763,-86.9571,40.3245,-111.9618,58,88072209621.06847
40.3245,-111.9618,40.4763,-86.9571,45,68331890583.11891
40.4763,-86.9571,33.749,-84.388,1,1518486151.960156
33.749,-84.388,40.4763,-86.9571,1,1518486151.985439
40.4763,-86.9571,32.7787,-96.8217,1,1518486151.985648
32.7787,-96.8217,40.4763,-86.9571,1,1518486152.022194
40.4763,-86.9571,51.5,-3.2,19,28851237599.753395
51.5,-3.2,40.4763,-86.9571,16,24295779032.284897
40.4763,-86.9571,37.3388,-121.8914,13,19740331015.75557
37.3388,-121.8914,40.4763,-86.9571,9,13666383008.514317
