src_lat,src_lng,dst_lat,dst_lng,count,timestamp
37.419200000000004,-122.0574,40.4763,-86.9571,204250,12014276691943.191
40.4763,-86.9571,37.419200000000004,-122.0574,116572,6371575463374.513
40.4763,-86.9571,42.3626,-71.0843,56095,3600347206068.73
42.3626,-71.0843,40.4763,-86.9571,74144,2745435553550.3286
37.5112,126.97409999999999,40.4763,-86.9571,30255,728875629317.1661
40.4763,-86.9571,37.5112,126.97409999999999,33393,762282415475.6329
40.4763,-86.9571,40.4763,-86.9571,14522,807838174363.8362
40.4763,-86.9571,39.0481,-77.4728,25361,3036975872.601871
40.4763,-86.9571,37.7697,-122.3933,372,180700184077.55478
39.0481,-77.4728,40.4763,-86.9571,19219,235365787304.06406
37.7697,-122.3933,40.4763,-86.9571,386,176144715559.18286
40.4763,-86.9571,37.751,-97.822,20062,3676279723699.9517
37.751,-97.822,40.4763,-86.9571,17987,3200990140270.1553
40.4763,-86.9571,34.0544,-118.244,137,56184081882.26658
34.0544,-118.244,40.4763,-86.9571,128,54665593138.270226
40.4763,-86.9571,40.1125,-88.2426,26882,2247363244874.034
40.1125,-88.2426,40.4763,-86.9571,51747,4389950765011.8623
40.4763,-86.9571,37.3042,-122.0946,3706,236885243370.1798
37.3042,-122.0946,40.4763,-86.9571,3191,211070804001.61914
40.4763,-86.9571,32.7787,-96.8217,10,10629470380.751995
40.4763,-86.9571,37.459,-122.1781,3342,1680975398295.7334
37.459,-122.1781,40.4763,-86.9571,3167,1275536864075.4802
32.7787,-96.8217,40.4763,-86.9571,10,10629470381.068174
40.4763,-86.9571,41.8483,-87.6517,1265,7592479292.389042
41.8483,-87.6517,40.4763,-86.9571,1174,7592479292.458285
40.4763,-86.9571,36.6648,-78.3715,244,321921489602.9776
36.6648,-78.3715,40.4763,-86.9571,187,244478098308.9748
40.4763,-86.9571,40.3245,-111.9618,225,53147129855.340515
40.3245,-111.9618,40.4763,-86.9571,263,47073167832.25502
40.4763,-86.9571,39.9469,-105.2142,365,53147109851.5024
39.9469,-105.2142,40.4763,-86.9571,283,42517688208.19056
40.4763,-86.9571,52.35,4.9167,127,77443141768.09123
40.4763,-86.9571,47.6801,-122.1206,227,170071548422.96042
47.6801,-122.1206,40.4763,-86.9571,237,179182510627.78616
52.35,4.9167,40.4763,-86.9571,97,63776699330.19531
40.4763,-86.9571,40.4661,-88.9034,124,188293087783.3227
40.4661,-88.9034,40.4763,-86.9571,102,154886253537.29022
40.4763,-86.9571,41.8483,-87.6291,3076,2423525997839.4995
41.8483,-87.6291,40.4763,-86.9571,3622,3188849827745.9893
40.4763,-86.9571,26.6779,-80.038,9494,513251977552.9626
26.6779,-80.038,40.4763,-86.9571,12091,387216745597.0382
40.4763,-86.9571,47.6344,-122.3422,72608,1527601334408.9187
40.4763,-86.9571,47.542,-122.3123,20351,29946156714402.855
47.542,-122.3123,40.4763,-86.9571,28537,42270226969347.14
47.6344,-122.3422,40.4763,-86.9571,102074,1693116787544.5437
40.4763,-86.9571,1.2854999999999999,103.8565,2549,22777355029.218487
1.2854999999999999,103.8565,40.4763,-86.9571,1871,15184903353.666971
40.4763,-86.9571,39.9355,-105.0473,66,36443801212.608315
39.9355,-105.0473,40.4763,-86.9571,63,34925310941.6565
40.4763,-86.9571,42.2776,-83.7409,537,815429420032.5917
42.2776,-83.7409,40.4763,-86.9571,636,965759983515.1034
40.4763,-86.9571,41.14,-104.8203,628,953615931902.4436
41.14,-104.8203,40.4763,-86.9571,439,666620041606.1025
40.4763,-86.9571,53.3389,-6.2595,1768,40999321648.42518
53.3389,-6.2595,40.4763,-86.9571,1320,28851373621.340973
40.4763,-86.9571,37.7758,-122.4128,320,150330623988.6149
37.7758,-122.4128,40.4763,-86.9571,288,157923076128.66888
40.4763,-86.9571,39.018,-77.539,429,95665003118.72414
39.018,-77.539,40.4763,-86.9571,338,85035556108.19885
40.4763,-86.9571,29.7521,-91.4813,96,145775441187.9938
40.4763,-86.9571,37.4429,-122.1514,897,133627192138.22472
29.7521,-91.4813,40.4763,-86.9571,64,97183627432.2284
37.4429,-122.1514,40.4763,-86.9571,852,160960027296.31168
40.4763,-86.9571,37.6228,-122.4364,25,37962265087.70278
37.6228,-122.4364,40.4763,-86.9571,17,25814340265.772766
40.4763,-86.9571,45.504,-73.5747,153,34925283802.971214
40.4763,-86.9571,48.8582,2.3387000000000002,78,24295849653.005196
45.504,-73.5747,40.4763,-86.9571,123,39480755598.83617
48.8582,2.3387000000000002,40.4763,-86.9571,68,21258868454.355232
40.4763,-86.9571,37.2803,-121.9567,2352,238403406902.09778
40.4763,-86.9571,51.4964,-0.1224,148,122997876644.12315
37.2803,-121.9567,40.4763,-86.9571,2243,211070509425.8284
51.4964,-0.1224,40.4763,-86.9571,179,168552656040.74915
40.4763,-86.9571,35.685,139.7514,226,25814341629.87053
35.685,139.7514,40.4763,-86.9571,150,22777360352.825027
40.4763,-86.9571,37.3388,-121.8914,465,78961815645.61006
37.3388,-121.8914,40.4763,-86.9571,353,54665872360.30266
40.4763,-86.9571,34.13,-118.3386,162,245996298616.41312
34.13,-118.3386,40.4763,-86.9571,182,276366227299.8014
40.4763,-86.9571,45.8696,-119.688,1332,42517746302.48365
40.4763,-86.9571,35.064,-92.3802,15,22777364161.247185
45.8696,-119.688,40.4763,-86.9571,1178,31888309704.74824
35.064,-92.3802,40.4763,-86.9571,12,18221891299.22875
40.4763,-86.9571,37.4914,-122.211,219,141220044679.11325
37.4914,-122.211,40.4763,-86.9571,163,92628185365.14882
40.4763,-86.9571,40.7391,-73.9826,746,22777363965.457077
40.7391,-73.9826,40.4763,-86.9571,565,16703400228.622353
40.4763,-86.9571,37.7484,-122.4156,807,441880963399.08624
37.7484,-122.4156,40.4763,-86.9571,783,422140576487.70386
40.4763,-86.9571,33.749,-84.388,3,4555482422.127178
33.749,-84.388,40.4763,-86.9571,3,4555482422.241388
40.4763,-86.9571,47.0,8.0,172,27332844020.33421
47.0,8.0,40.4763,-86.9571,173,24295861426.88834
40.4763,-86.9571,29.4241,-98.4936,183,277884901357.194
29.4241,-98.4936,40.4763,-86.9571,138,209552548906.91284
40.4763,-86.9571,42.0534,-88.054,219,273329441273.51804
42.0534,-88.054,40.4763,-86.9571,179,217145046117.75604
40.4763,-86.9571,50.1167,8.6833,46,69850637058.6051
50.1167,8.6833,40.4763,-86.9571,29,44036271147.14248
40.4763,-86.9571,1.3667,103.8,223,118442394142.26547
1.3667,103.8,40.4763,-86.9571,218,110849931797.01993
40.4763,-86.9571,40.676,-73.9629,125,74406119885.7848
40.676,-73.9629,40.4763,-86.9571,100,66813659029.71668
40.4763,-86.9571,40.7143,-74.006,613,338624211855.52606
40.7143,-74.006,40.4763,-86.9571,441,218663188756.99765
40.4763,-86.9571,38.7701,-77.6321,90,100220483541.65509
40.4763,-86.9571,35.69,139.69,139,121479381247.96507
38.7701,-77.6321,40.4763,-86.9571,63,68332147631.9973
35.69,139.69,40.4763,-86.9571,91,71369132495.04718
40.4763,-86.9571,34.6864,135.52,8,9110952230.387114
34.6864,135.52,40.4763,-86.9571,5,6073968154.695356
40.4763,-86.9571,37.4249,-122.0074,209,57702701465.823074
37.4249,-122.0074,40.4763,-86.9571,177,50110240709.77827
40.4763,-86.9571,21.0333,105.85,22,33406827113.60628
21.0333,105.85,40.4763,-86.9571,15,22777382099.591717
40.4763,-86.9571,37.4386,127.1378,387,168552688817.1121
37.4386,127.1378,40.4763,-86.9571,297,133627357754.78049
40.4763,-86.9571,37.4989,126.7831,13,19740403997.188828
37.4989,126.7831,40.4763,-86.9571,12,18221911390.812733
40.4763,-86.9571,37.4536,126.7317,42,30369854277.826653
37.4536,126.7317,40.4763,-86.9571,22,7592463147.507669
40.4763,-86.9571,47.6103,-122.3341,530,804801538380.0795
47.6103,-122.3341,40.4763,-86.9571,516,783542617030.4763
40.4763,-86.9571,38.7163,-78.1704,318,417586858629.78674
38.7163,-78.1704,40.4763,-86.9571,237,317366008729.226
40.4763,-86.9571,33.7981,-84.3877,24,36443834390.200035
40.4763,-86.9571,48.9333,2.3667,66,62258220290.00499
33.7981,-84.3877,40.4763,-86.9571,18,27332875777.768707
48.9333,2.3667,40.4763,-86.9571,52,48591781703.324814
40.4763,-86.9571,None,None,12,18221917194.597546
None,None,40.4763,-86.9571,11,16703424096.853188
40.4763,-86.9571,37.5331,-122.2471,33,50110274695.10785
37.5331,-122.2471,40.4763,-86.9571,27,40999315699.23233
40.4763,-86.9571,47.3667,8.55,11,16703425470.712116
47.3667,8.55,40.4763,-86.9571,10,15184932246.186342
40.4763,-86.9571,29.4889,-98.3987,89,19740412055.426292
29.4889,-98.3987,40.4763,-86.9571,83,15184932341.151714
40.4763,-86.9571,37.7909,-122.4017,93,40999317200.98316
37.7909,-122.4017,40.4763,-86.9571,37,28851371362.480522
40.4763,-86.9571,51.7667,-0.1667,7,10629454474.567636
51.7667,-0.1667,40.4763,-86.9571,7,10629454474.997456
40.4763,-86.9571,33.6119,-111.8906,1478,18221922010.786667
33.6119,-111.8906,40.4763,-86.9571,1761,21258909022.941765
40.4763,-86.9571,53.3472,-6.2439,28,42517818401.59163
53.3472,-6.2439,40.4763,-86.9571,27,40999324784.20353
40.4763,-86.9571,32.7877,-96.8,16,24295896140.14168
32.7877,-96.8,40.4763,-86.9571,14,21258909105.02392
40.4763,-86.9571,30.1438,-81.5401,6,9110961228.605324
40.4763,-86.9571,39.6237,-104.8738,7,10629454747.826092
30.1438,-81.5401,40.4763,-86.9571,5,7592467693.383504
39.6237,-104.8738,40.4763,-86.9571,6,9110961212.594679
40.4763,-86.9571,37.8342,-122.2897,13,19740417923.709953
37.8342,-122.2897,40.4763,-86.9571,12,18221924388.803883
40.4763,-86.9571,22.2833,114.15,22,33406899221.56855
22.2833,114.15,40.4763,-86.9571,16,24295926708.978783
40.4763,-86.9571,35.5779,-81.1677,163,221700648653.72424
35.5779,-81.1677,40.4763,-86.9571,153,208034168167.05975
40.4763,-86.9571,40.8326,-74.1307,9,13666467619.9027
40.8326,-74.1307,40.4763,-86.9571,7,10629474819.463194
40.4763,-86.9571,35.994,-78.8986,110,138183178587.7272
35.994,-78.8986,40.4763,-86.9571,83,101739263753.8184
40.4763,-86.9571,41.8776,-87.6272,41,62258353402.75888
41.8776,-87.6272,40.4763,-86.9571,28,42517899832.36473
40.4763,-86.9571,38.9266,-77.3936,54,53147376024.54877
38.9266,-77.3936,40.4763,-86.9571,52,51628879620.02825
40.4763,-86.9571,41.8632,-87.6198,22,33406921975.330246
41.8632,-87.6198,40.4763,-86.9571,17,25814439753.373665
40.4763,-86.9571,42.0152,-87.9901,131,118442723793.3463
42.0152,-87.9901,40.4763,-86.9571,183,179182580534.70178
40.4763,-86.9571,40.731700000000004,-73.9885,126,191330908167.16574
40.731700000000004,-73.9885,40.4763,-86.9571,106,160960926006.6668
40.4763,-86.9571,37.3874,-121.9024,98,148812935934.20178
40.4763,-86.9571,37.3387,-121.8914,175,194367916345.24496
37.3874,-121.9024,40.4763,-86.9571,79,119961448323.9544
37.3387,-121.8914,40.4763,-86.9571,145,162479430010.20126
40.4763,-86.9571,34.3417,-112.0367,68,103257963486.25755
34.3417,-112.0367,40.4763,-86.9571,46,69850975436.12285
40.4763,-86.9571,33.5083,-112.0717,60,91110008458.14761
33.5083,-112.0717,40.4763,-86.9571,49,74406506693.1866
37.5111,126.9743,40.4763,-86.9571,154,109332014273.43788
40.4763,-86.9571,37.5111,126.9743,137,103258014611.40173
40.4763,-86.9571,55.7123,12.0564,8,12148001322.711952
55.7123,12.0564,40.4763,-86.9571,7,10629501178.100058
40.4763,-86.9571,38.9881,-77.4755,13,19740502150.64504
38.9881,-77.4755,40.4763,-86.9571,11,16703501820.00748
