src_lat,src_lng,dst_lat,dst_lng,count,distance,rtt
37.419200000000004,-122.0574,40.4763,-86.9571,320822,3035.2471080083924,-5642701228568.679
40.4763,-86.9571,42.3626,-71.0843,130239,1338.4338616142259,-854911652518.4014
37.5112,126.97409999999999,40.4763,-86.9571,63648,10683.471794056439,33406786158.466797
40.4763,-86.9571,40.4763,-86.9571,14522,0.0,807838174363.8362
40.4763,-86.9571,39.0481,-77.4728,44580,825.9137726981573,232328811431.4622
40.4763,-86.9571,37.7697,-122.3933,758,3052.0466113404145,-4555468518.371918
40.4763,-86.9571,37.751,-97.822,38049,984.6689973112556,-475289583429.7964
40.4763,-86.9571,34.0544,-118.244,265,2843.881646402998,-1518488743.9963531
40.4763,-86.9571,40.1125,-88.2426,78629,116.32358087200468,2142587520137.8281
40.4763,-86.9571,37.3042,-122.0946,6897,3042.2392148646773,-25814439368.56067
40.4763,-86.9571,32.7787,-96.8217,20,1226.6603688999596,0.3161792755126953
40.4763,-86.9571,37.459,-122.1781,6509,3044.094014046389,-405438534220.2532
40.4763,-86.9571,41.8483,-87.6517,2439,163.31454706779766,0.0692434310913086
40.4763,-86.9571,36.6648,-78.3715,431,858.0215048367234,-77443391294.0028
40.4763,-86.9571,40.3245,-111.9618,488,2110.963650168925,-6073962023.085495
40.4763,-86.9571,39.9469,-105.2142,648,1549.1539927230087,-10629421643.311844
40.4763,-86.9571,52.35,4.9167,224,6682.8909221314625,-13666442437.89592
40.4763,-86.9571,47.6801,-122.1206,464,2894.110317092073,9110962204.825745
40.4763,-86.9571,40.4661,-88.9034,226,164.68894281694133,-33406834246.03247
40.4763,-86.9571,41.8483,-87.6291,6698,162.65024790605156,765323829906.4897
40.4763,-86.9571,26.6779,-80.038,21585,1661.9086607363763,-126035231955.92438
40.4763,-86.9571,47.6344,-122.3422,174682,2910.440639112177,165515453135.625
40.4763,-86.9571,47.542,-122.3123,48888,2907.730087322857,12324070254944.285
40.4763,-86.9571,1.2854999999999999,103.8565,4420,15248.423425748055,-7592451675.551516
40.4763,-86.9571,39.9355,-105.0473,129,1535.240486413911,-1518490270.9518127
40.4763,-86.9571,42.2776,-83.7409,1173,334.924390792017,150330563482.51172
40.4763,-86.9571,41.14,-104.8203,1067,1503.0766342601942,-286995890296.34106
40.4763,-86.9571,53.3389,-6.2595,3088,5956.212976936053,-12147948027.084206
40.4763,-86.9571,37.7758,-122.4128,608,3053.490994754537,7592452140.053986
40.4763,-86.9571,39.018,-77.539,767,821.1929711661361,-10629447010.525284
40.4763,-86.9571,29.7521,-91.4813,160,1261.3813060320704,-48591813755.76541
40.4763,-86.9571,37.4429,-122.1514,1749,3042.3795308160375,27332835158.08696
40.4763,-86.9571,37.6228,-122.4364,42,3060.447033281113,-12147924821.930016
40.4763,-86.9571,45.504,-73.5747,276,1221.8803223833975,4555471795.864952
40.4763,-86.9571,48.8582,2.3387000000000002,146,6710.504182740379,-3036981198.6499634
40.4763,-86.9571,37.2803,-121.9567,4595,3031.4188941238126,-27332897476.26938
40.4763,-86.9571,51.4964,-0.1224,327,6419.557131541144,45554779396.62599
40.4763,-86.9571,35.685,139.7514,376,10297.607101835556,-3036981277.0455017
40.4763,-86.9571,37.3388,-121.8914,818,3023.9430931666047,-24295943285.307404
40.4763,-86.9571,34.13,-118.3386,344,2848.4869483600432,30369928683.388275
40.4763,-86.9571,45.8696,-119.688,2510,2701.784733966132,-10629436597.735409
40.4763,-86.9571,35.064,-92.3802,27,767.6178151078041,-4555472862.018436
40.4763,-86.9571,37.4914,-122.211,382,3045.791039388469,-48591859313.96443
40.4763,-86.9571,40.7391,-73.9826,1311,1095.0100635219446,-6073963736.834724
40.4763,-86.9571,37.7484,-122.4156,1590,3054.610633271577,-19740386911.382385
40.4763,-86.9571,33.749,-84.388,6,782.1007060430853,0.11421012878417969
40.4763,-86.9571,47.0,8.0,345,7178.507294133267,-3036982593.4458694
40.4763,-86.9571,29.4241,-98.4936,321,1614.8658423157651,-68332352450.28113
40.4763,-86.9571,42.0534,-88.054,398,197.9423189350598,-56184395155.76199
40.4763,-86.9571,50.1167,8.6833,75,7034.7464089843925,-25814365911.462624
40.4763,-86.9571,1.3667,103.8,441,15240.90359978768,-7592462345.245544
40.4763,-86.9571,40.676,-73.9629,225,1097.0236992016144,-7592460856.068123
40.4763,-86.9571,40.7143,-74.006,1054,1093.1735771634133,-119961023098.52841
40.4763,-86.9571,38.7701,-77.6321,153,820.7167445977933,-31888335909.65779
40.4763,-86.9571,35.69,139.69,230,10300.216916100362,-50110248752.91789
40.4763,-86.9571,34.6864,135.52,13,10597.28346687155,-3036984075.691757
40.4763,-86.9571,37.4249,-122.0074,386,3030.843155155964,-7592460756.044807
40.4763,-86.9571,21.0333,105.85,37,13052.271312036664,-10629445014.014565
40.4763,-86.9571,37.4386,127.1378,684,10684.587201084734,-34925331062.331604
40.4763,-86.9571,37.4989,126.7831,25,10691.888454742799,-1518492606.3760948
40.4763,-86.9571,37.4536,126.7317,64,10698.377045627694,-22777391130.318985
40.4763,-86.9571,47.6103,-122.3341,1046,2909.7086659195425,-21258921349.60315
40.4763,-86.9571,38.7163,-78.1704,555,777.7462715915167,-100220849900.56073
40.4763,-86.9571,33.7981,-84.3877,42,776.8647114763013,-9110958612.431328
40.4763,-86.9571,48.9333,2.3667,118,6708.259925265037,-13666438586.680176
