src_lat,src_lng,dst_lat,dst_lng,size,distance,rtt
40.4763,-86.9571,42.9885,-71.4652,1070,1313.896011411409,0.13056492805480957
40.4763,-86.9571,41.14,-104.8203,11690,1503.0766342601942,0.04373884201049805
40.4763,-86.9571,37.5112,126.97409999999999,327809,10683.471794056439,18.595184087753296
40.4763,-86.9571,37.751,-97.822,152737,984.6689973112556,0.020355939865112305
40.4763,-86.9571,37.419200000000004,-122.0574,556126833,3035.2471080083924,0.020172834396362305
40.4763,-86.9571,40.1125,-88.2426,319966621,116.32358087200468,0.013108015060424805
40.4763,-86.9571,41.8483,-87.6517,398,163.31454706779766,0.02979302406311035
40.4763,-86.9571,37.7697,-122.3933,8235,3052.0466113404145,0.03703784942626953
40.4763,-86.9571,39.0481,-77.4728,23334,825.9137726981573,0.03982281684875488
40.4763,-86.9571,34.0544,-118.244,1188,2843.881646402998,0.0229799747467041
40.4763,-86.9571,37.459,-122.1781,86489,3044.094014046389,0.01650094985961914
40.4763,-86.9571,37.3042,-122.0946,193317,3042.2392148646773,0.016360998153686523
40.4763,-86.9571,42.0534,-88.054,14353,197.9423189350598,0.021497011184692383
40.4763,-86.9571,42.3626,-71.0843,68252,1338.4338616142259,0.02264094352722168
40.4763,-86.9571,1.2854999999999999,103.8565,15379,15248.423425748055,0.23086190223693848
40.4763,-86.9571,38.7163,-78.1704,194737,777.7462715915167,0.035867929458618164
40.4763,-86.9571,47.6801,-122.1206,35009,2894.110317092073,0.014091968536376953
40.4763,-86.9571,52.35,4.9167,9491,6682.8909221314625,0.11455202102661133
40.4763,-86.9571,39.9469,-105.2142,27183,1549.1539927230087,0.0540921688079834
40.4763,-86.9571,37.6228,-122.4364,9382,3060.447033281113,0.04800605773925781
40.4763,-86.9571,40.3245,-111.9618,15505,2110.963650168925,0.03768587112426758
40.4763,-86.9571,33.749,-84.388,96,782.1007060430853,0.025283098220825195
40.4763,-86.9571,32.7787,-96.8217,96,1226.6603688999596,0.03654599189758301
40.4763,-86.9571,51.5,-3.2,17049,6226.427749376896,0.10767197608947754
40.4763,-86.9571,37.3388,-121.8914,7244,3023.9430931666047,0.06567716598510742
